75393 75394 117.0
75393 75395 1.0
75393 75396 1.5
75393 75397 5.0
75394 31088 2.5
75395 113760 1.0
75395 84618 2.0
75395 110274 6.5
75395 78278 1.0
75397 132316 9.5
140140 101490 4.0
84618 84619 7.5
84619 89664 4.0
84619 74448 2.0
23566 23567 1.0
23567 107334 1.0
23567 141391 2.5
52626 52627 1.5
52626 47859 1.0
64276 31088 1.5
64276 64277 2.0
31088 31087 10.0
31088 101488 18.5
31088 65080 4.5
31088 50489 2.0
28324 28325 14.5
28325 80336 68.0
28325 90452 14.0
28325 107334 4.0
101489 101488 44.5
78279 47860 9.0
78279 78278 2.5
53488 49595 5.5
23134 23135 15.0
65079 65080 7.5
77497 77498 1.0
77497 37839 10.5
77498 126680 2.5
77498 138473 2.0
50491 50489 11.0
50492 50489 4.5
89664 89665 1.0
101490 101488 4.0
101490 136906 1.0
101490 117502 11.0
107335 107334 95.0
107335 107751 1.0
107336 107334 1.5
107337 107334 1.5
37838 37839 1.5
37839 107334 1.0
74448 80336 5.5
74448 101921 5.0
74448 49595 1.0
74448 74447 6.5
50489 50490 1.0
49594 49593 6.0
49594 56044 8.0
49595 49593 1.0
142054 138473 1.0
107751 107752 1.5
31087 31089 6.0
101488 31089 1.0
31089 23135 2.5
47858 47859 8.5
47858 47860 4.5
90452 90453 46.0
