507 76
198 5
344 10
0 63
0 721
0 540
0 532
0 731
0 739
0 64
0 129
0 166
0 65
346 10
347 10
340 9
341 9
342 9
343 10
810 15
811 136
812 136
813 40
348 10
349 10
816 12
817 121
719 16
718 97
717 97
716 97
715 97
714 96
713 96
712 96
711 96
710 95
915 165
914 165
606 85
917 3
916 165
911 116
619 85
910 18
913 165
298 7
299 7
296 7
297 7
294 7
295 7
292 7
293 7
290 7
291 7
591 85
590 85
593 85
592 85
595 85
594 85
597 85
596 85
195 5
194 5
197 5
196 5
191 5
190 5
193 5
192 5
270 6
271 6
272 6
273 6
274 6
275 6
276 6
277 6
278 6
279 6
524 74
525 74
526 74
527 4
520 73
521 73
522 73
523 74
599 85
528 98
529 66
449 50
448 50
345 10
443 48
442 48
441 48
440 48
447 50
446 50
445 48
444 48
108 153
108 15
108 48
108 78
109 740
109 167
109 733
109 919
109 110
109 129
102 22
102 37
102 41
102 76
103 46
103 75
103 114
103 131
103 104
100 49
100 56
100 76
100 78
101 14
101 17
101 40
101 76
106 11
106 1
106 111
106 78
107 741
107 58
107 134
107 78
104 27
104 8
104 78
105 15
105 19
105 72
105 78
902 161
903 94
39 42
39 2
39 35
39 40
38 168
38 158
38 159
38 62
38 63
38 64
38 478
38 65
906 162
907 61
904 162
905 29
33 393
33 396
33 395
33 394
33 537
32 152
32 150
32 75
32 168
32 114
32 166
32 167
32 169
31 159
31 57
31 722
31 160
31 822
30 411
30 117
30 110
30 161
30 481
30 729
37 407
37 406
37 405
37 409
37 408
36 901
36 404
36 403
36 402
36 401
35 742
35 59
35 895
35 897
35 60
34 159
34 397
34 400
34 399
34 398
641 86
640 86
643 87
642 87
645 87
644 87
438 48
439 48
436 48
437 48
434 48
435 48
432 48
433 48
430 72
431 72
339 9
338 9
335 9
334 9
337 9
336 9
331 9
330 9
333 9
332 9
559 83
752 49
745 135
854 147
818 15
856 125
857 121
850 146
851 147
852 147
819 43
858 58
859 118
748 132
6 281
6 280
6 283
6 282
6 263
6 262
6 261
6 267
6 266
6 265
6 264
6 269
6 268
6 498
848 146
99 12
99 66
99 76
99 5
98 161
98 168
98 126
98 127
98 128
98 69
98 129
844 145
91 541
91 150
91 821
91 128
91 149
91 823
90 692
90 693
90 690
90 691
90 696
90 694
90 695
90 110
90 689
90 688
90 685
90 684
90 687
90 686
90 681
90 683
90 682
93 720
93 704
93 705
93 706
93 701
93 702
93 703
92 697
92 698
92 699
92 700
92 65
95 708
95 709
95 707
95 164
94 46
94 918
94 489
94 475
94 139
94 169
97 734
96 46
814 125
815 78
743 21
744 24
558 83
746 2
747 61
555 83
554 83
557 83
556 83
551 83
550 83
553 83
552 83
238 5
239 5
234 5
235 5
236 5
237 5
230 5
231 5
232 5
233 5
1 726
1 738
1 138
1 480
146 847
146 849
146 128
147 855
147 853
147 127
144 842
144 841
144 840
144 839
144 534
145 846
145 845
145 843
145 138
142 832
142 833
142 830
142 831
142 834
142 829
142 168
143 836
143 837
143 835
143 838
143 148
140 26
140 43
140 116
140 89
141 789
141 828
141 825
141 827
141 826
612 85
613 85
610 85
611 85
616 85
617 85
148 22
148 61
148 130
149 17
149 130
149 111
912 72
768 120
680 88
623 86
622 86
133 803
133 802
133 801
133 166
133 804
132 869
132 152
132 158
132 471
131 156
131 16
131 3
130 151
130 150
130 892
130 429
130 732
130 65
137 76
137 121
137 111
137 71
136 111
136 21
135 53
135 115
135 737
135 487
135 129
134 808
134 809
134 807
134 806
134 805
494 40
495 72
139 74
139 111
139 820
497 125
490 15
491 2
492 2
493 7
24 381
24 382
24 383
24 384
25 900
25 862
25 896
25 472
25 59
25 80
26 536
26 55
26 54
26 53
26 115
26 898
26 723
26 484
26 482
27 115
27 533
27 728
27 164
27 757
20 54
20 759
20 63
20 167
20 160
20 162
21 798
21 60
21 539
22 725
22 138
22 163
23 380
23 379
23 378
23 735
23 377
28 920
28 385
28 386
28 387
28 388
29 392
29 391
29 390
29 389
933 170
932 170
931 170
930 170
937 170
629 86
628 86
758 51
371 18
370 18
373 19
375 19
376 19
618 85
88 530
88 677
88 678
88 669
88 668
88 667
88 666
88 665
88 664
88 670
88 671
88 663
88 673
88 674
88 672
88 675
88 676
88 679
89 152
89 117
89 483
89 163
82 10
82 47
82 56
82 66
83 151
83 586
83 579
83 578
83 587
83 585
83 566
83 542
83 543
83 546
83 547
83 544
83 545
83 548
83 549
83 571
83 568
83 569
83 584
83 570
83 582
83 583
83 580
83 581
83 560
83 561
83 562
83 563
83 564
83 565
83 588
83 567
83 575
83 577
83 574
83 573
83 576
83 572
80 50
80 538
80 49
81 158
81 724
81 110
81 112
81 921
86 621
86 620
86 627
86 626
86 625
86 624
86 630
86 631
86 632
86 633
86 634
86 635
86 636
86 637
86 638
86 639
86 169
87 662
87 661
87 660
87 656
87 657
87 654
87 655
87 652
87 653
87 650
87 651
87 658
87 659
87 473
87 647
87 646
87 649
87 648
84 751
84 860
84 53
84 115
84 114
84 870
84 113
84 112
85 600
85 598
85 609
85 607
85 605
85 601
85 589
85 604
85 603
85 602
85 899
85 614
85 608
85 615
797 154
796 111
795 9
794 125
793 120
792 56
791 40
790 125
799 13
7 289
7 288
7 285
7 284
7 287
7 286
7 300
7 301
7 302
7 303
7 304
7 305
245 5
244 5
247 5
246 5
241 5
243 5
242 5
249 5
248 5
924 125
925 118
519 73
518 71
511 70
510 70
513 70
512 70
515 71
514 71
517 71
516 71
458 50
459 50
450 50
451 50
452 50
453 50
454 50
455 50
456 50
457 50
179 5
178 5
177 5
199 5
175 5
174 5
173 5
172 5
171 5
170 908
170 929
170 938
170 936
170 935
170 934
182 5
183 5
180 5
181 5
186 5
187 5
184 5
185 5
188 5
189 5
764 119
11 753
11 861
11 169
11 736
11 164
10 357
10 356
10 350
10 355
10 354
10 353
10 352
10 351
10 358
13 754
13 158
13 57
13 470
12 63
12 730
12 410
12 412
15 927
14 359
14 368
14 366
14 367
14 364
14 365
14 362
14 363
14 360
14 361
17 159
17 113
17 509
17 160
17 161
17 162
16 46
16 788
16 113
16 488
16 485
19 374
18 369
18 372
863 119
865 56
864 40
867 47
866 157
883 155
882 155
881 155
880 155
887 156
886 156
885 156
884 156
928 58
889 157
888 157
756 111
322 8
323 8
320 8
321 8
326 9
327 9
324 8
325 9
328 9
329 9
201 5
200 5
203 5
202 5
205 5
204 5
207 5
206 5
209 5
208 5
779 123
778 123
77 58
77 47
77 531
77 4
76 786
76 64
75 43
75 61
73 476
72 479
72 824
70 727
79 49
79 121
79 535
79 165
78 755
78 113
2 894
769 120
8 308
8 309
8 319
8 318
8 313
8 312
8 311
8 310
8 317
8 316
8 306
8 307
8 315
8 314
868 152
120 771
120 770
120 773
120 772
121 62
121 69
121 486
122 775
122 774
122 777
122 776
122 926
123 780
123 781
123 166
124 784
124 785
124 782
124 783
124 55
126 47
126 44
126 118
127 66
127 118
128 58
765 119
176 5
414 41
415 41
416 41
417 42
413 41
922 43
923 61
418 42
419 42
496 66
138 111
3 151
3 62
3 508
3 164
3 800
787 116
60 43
60 118
62 45
259 5
64 67
66 57
67 499
67 502
67 500
67 501
68 150
68 506
68 504
68 505
68 503
253 5
250 5
251 5
256 5
257 5
254 5
255 5
469 58
468 52
465 52
464 51
467 52
466 52
461 51
463 51
462 51
167 47
160 58
163 909
163 4
878 154
879 154
876 154
877 154
874 153
875 154
872 153
873 153
871 153
890 157
891 157
893 56
216 5
217 5
214 5
215 5
212 5
213 5
210 5
211 5
762 4
763 117
760 4
761 40
766 119
767 119
218 5
219 5
260 5
59 52
59 116
58 54
55 49
55 43
54 474
57 40
56 477
258 5
53 118
50 460
252 5
117 43
116 114
69 155
69 40
428 45
421 44
420 42
423 44
422 44
425 45
424 44
427 45
426 45
240 5
750 112
229 5
228 5
227 5
226 5
225 5
224 5
223 5
222 5
221 5
220 5
151 49
112 749
